1.924295718345043760e-01
2.064328440221164795e-01
2.903054755241438745e-01
2.870959945049570416e-01
2.665909997872593085e-01
2.547919551863923049e-01
1.995743552964177603e-01
2.832240436086064239e-01
2.292654215791214423e-01
2.960869229216189780e-01
2.953753497942468442e-01
3.247378378069852856e-01
2.831586649620358997e-01
2.826942302787743833e-01
2.976414280461844308e-01
3.366861586607471368e-01
3.744606711060732840e-01
3.647159209891339682e-01
3.820859483428377112e-01
3.043219783318628080e-01
2.984257104317098452e-01
3.296869206273359554e-01
2.940877696429754495e-01
1.216838769530120823e-01
1.661598678260669537e-01
6.105054555114597381e-02
1.165990525299139824e-01
1.645174582255830575e-01
1.916449672398811144e-01
2.501346255416868614e-01
2.753500178710931445e-01
1.835705962116148671e-01
1.200188299316637952e-01
2.168265197736489736e-01
2.727203811508721598e-01
3.298390198955036823e-01
3.180091175859957042e-01
3.236251741163658213e-01
3.219420211623860162e-01
2.774447517168903143e-01
2.765264462981672500e-01
2.075155341603109882e-01
2.494171808021683479e-01
2.658439913472917526e-01
2.731004726506840452e-01
3.078248612076568413e-01
3.058503911209592419e-01
3.852659953825873229e-01
3.042667020103246855e-01
3.794420156842142067e-01
2.942841422574773436e-01
3.651684102079419958e-01
2.922791760464370503e-01
3.844272425514264624e-01
3.326037522961766690e-01
3.576894233627914144e-01
3.605641823535550294e-01
3.461154403223485332e-01
3.585171661976923607e-01
3.134333590142194259e-01
3.429445196025509013e-01
3.476391023354966636e-01
3.740002760557811223e-01
4.447541221321434923e-01
4.413108529534178759e-01
3.573279082247403649e-01
3.919428948821860326e-01
3.557443383335238130e-01
4.189484202954263381e-01
3.100293615193399077e-01
4.039540054415892145e-01
4.335533939910771739e-01
4.221412394928889533e-01
4.193761767872585811e-01
3.482847052651861786e-01
3.077412973870350399e-01
3.718935149872628632e-01
3.768713518704979171e-01
3.606479495454405493e-01
3.728991921867883530e-01
3.125540310536667477e-01
2.510939099434216226e-01
3.831377130066240255e-01
3.166708434851881471e-01
2.649740031803842211e-01
2.215674290885170095e-01
3.150108219781930785e-01
2.545551179152653054e-01
2.764378346437788014e-01
2.898513011912863258e-01
3.078104830233248101e-01
2.882029009827904442e-01
2.658323525738217619e-01
2.501164568098425134e-01
3.211374412559998559e-01
3.153729744222677489e-01
1.511101978712099392e-01
2.765949530130500378e-01
3.188632920223782863e-01
1.770803007729595535e-01
2.531985604422878344e-01
1.585663107104307024e-01
2.616971101791547571e-01
3.350643282854974814e-01
1.766579987706446975e-01
3.312436077711897742e-01
3.448814681054432896e-01
3.811424037234283357e-01
2.735580713501234440e-01
2.758378933033415192e-01
2.528782759604555341e-01
1.145053105542617189e-01
3.718293900717646316e-01
3.353581244928396377e-01
2.877628683905275597e-01
2.253902056214471816e-01
1.683767291599104210e-01
1.890625822994994598e-01
1.983946974468866475e-01
2.284125435254171776e-01
1.669845943335703797e-01
2.712860709613595933e-01
4.702852796936112245e-01
4.144545726814254927e-01
4.604586996317637793e-01
3.006367278290045242e-01
3.935360987594528348e-01
3.415473607161179093e-01
2.273967619346511926e-01
2.220559617451947076e-01
2.362260934938216206e-01
2.372119191222910040e-01
2.364787960550986945e-01
1.962694945630177878e-01
2.482516539120636079e-01
3.012418290510275876e-01
2.047896264437640834e-01
2.115388735235306239e-01
9.055922353604595187e-02
1.229093227053478232e-01
1.687418160590909988e-01
1.960183238640327286e-01
2.008535897158796324e-01
2.540054485751539470e-01
2.627381183569432732e-01
1.016595202605159454e-01
3.135801074585460313e-01
2.415929337480396955e-01
2.397401366379454668e-01
9.397440269995316342e-02
1.470362009407033543e-01
1.915386190951809953e-01
1.827346454985715463e-01
1.244135103866869096e-01
1.555549121536502488e-01
9.375448751188242280e-02
1.362730007744699101e-01
5.737453332972863862e-02
1.249858375472325811e-01
2.736513285293318276e-01
2.809889634778645062e-01
2.075643675171053859e-01
2.657030909537574370e-01
2.924157925952336479e-01
3.209524567102775006e-01
3.079450142086144204e-01
2.868957912002207955e-01
2.990014207537028401e-01
2.859643522131717353e-01
3.192912490529057346e-01
3.370205309843109509e-01
2.317951686677350853e-01
2.722482945848830882e-01
2.341771182054556144e-01
4.533039687590925126e-01
2.140075856244428865e-01
1.448607542234607859e-01
2.070337120001277675e-01
4.646518492745010942e-01
2.571114603670565657e-01
4.187723569315655592e-01
3.767408591592138478e-01
2.126323269708024766e-01
2.882959391551616068e-01
2.614165243212102085e-01
2.626932430490975801e-01
1.914322546726309193e-01
2.671551036699731929e-01
2.831631570250288110e-01
3.021953584016633387e-01
1.742244261802942118e-01
1.945431891222483278e-01
2.754372415487996717e-01
2.005328298133763898e-01
3.401914367986893506e-01
4.072196906652907344e-01
3.748501813060262089e-01
3.582014590555528954e-01
2.927762832944684757e-01
2.970354654672842099e-01
3.175567492082820298e-01
3.294678820902094962e-01
2.179496440696088166e-01
3.106341494569700989e-01
2.658029566151423051e-01
1.732749732574748736e-01
2.149999063406649036e-01
1.669309344158971253e-01
2.782552874445811675e-01
2.167525002072797635e-01
2.590625583454103653e-01
2.128660686652519285e-01
2.443804004701284338e-01
2.727961194553165658e-01
2.066176321524414439e-01
2.681141151313958249e-01
2.499998004356412951e-01
2.513678631285473086e-01
2.666291243861353966e-01
2.437084061466584517e-01
2.198211209840295055e-01
2.853037769106486765e-01
2.847052736294498620e-01
1.191035926460437544e-01
1.043801379423983100e-01
2.236631692043966613e-01
1.851058727508666513e-01
2.492101730492709555e-01
2.684777644829039467e-01
3.796903434417067125e-01
4.068665002023886812e-01
2.627140549413795600e-01
2.527681190765321828e-01
2.448879830705574800e-01
2.579557765705512429e-01
1.941558549469013517e-01
1.802507736721840059e-01
1.909411563309247883e-01
1.424315072106665525e-01
2.121243929040164122e-01
1.788613769884157545e-01
2.237522166574376081e-01
2.312938306054285187e-01
1.980433189908504810e-01
1.787865143722624506e-01
2.262555663459638877e-01
1.794486312137464346e-01
2.799795358774216369e-01
3.053002764041146122e-01
3.445221433137831690e-01
3.293773565388220526e-01
2.792050018175596948e-01
1.655271481127800204e-01
3.476860936402474955e-01
3.291770170863974609e-01
2.513045868601446742e-01
2.532285204749868956e-01
2.968297735195252196e-01
3.777361859138805844e-01
3.305664908354070120e-01
2.590352403865116004e-01
3.839725296798566223e-01
2.755699917637334240e-01
2.997643511453964571e-01
3.491730462303431759e-01
2.348503605984060272e-01
2.436825051551337884e-01
3.398195211121809445e-01
3.035610646671748070e-01
2.363762236076538681e-01
2.510217439721236232e-01
2.564291989435362185e-01
2.891575756472424263e-01
2.496806082302684970e-01
3.074195666495790347e-01
3.133602046844760070e-01
2.972152451526836048e-01
2.768390139855811949e-01
3.014870434883711869e-01
2.741670932831627994e-01
2.471851928298903767e-01
2.331678772610185080e-01
2.265477383127898481e-01
2.827770261830809817e-01
2.919305325326851941e-01
2.654376538748475234e-01
3.011585304522160778e-01
3.275542254218969385e-01
2.589644983206328410e-01
2.769572460266586100e-01
2.971672665232891752e-01
2.355826564501095621e-01
2.790563209259915300e-01
2.789713429541563761e-01
3.098638509227663596e-01
3.322579537729543064e-01
2.175399530363868461e-01
2.087073225466290483e-01
2.253682605160851615e-01
1.834706335820185386e-01
2.838575663301928786e-01
3.068793004618172171e-01
3.194445882293954764e-01
3.328470450729508201e-01
2.470304959542073409e-01
2.544030336520824997e-01
3.010893939667860231e-01
3.209981218842604678e-01
1.844069515784327873e-01
3.021883225575914267e-01
3.005821618786180816e-01
2.495530824142599968e-01
2.695615991283504265e-01
1.860284962728782077e-01
3.795394850312818757e-01
2.097075588138332947e-01
2.464834825603976487e-01
2.349633937147802554e-01
3.295478749692146714e-01
3.061641293647109352e-01
3.293314421610382681e-01
3.060708378142962260e-01
3.028346583903607225e-01
3.101635932394096740e-01
3.246352644309946633e-01
3.415669867860400277e-01
3.045816788705804079e-01
3.081026151972521276e-01
2.792698508341906471e-01
3.687044793808679222e-01
3.128322272823089722e-01
3.610329157029151803e-01
3.958709648156841787e-01
1.333571911166935298e-01
3.187443649333728812e-01
3.694804505584140530e-01
3.507449003758353889e-01
1.099195396006064085e-01
3.024485246338118882e-01
2.279209622755724585e-01
1.977694833383975004e-01
2.873302476350190204e-01
2.889320922437372818e-01
3.193739573478534544e-01
3.718512196626057031e-01
2.581821644266407700e-01
2.858796382485292442e-01
2.991991660605279879e-01
1.979902960560430136e-01
2.771907854960984352e-01
3.127572687366954041e-01
3.714874424079590565e-01
3.234502128046813363e-01
2.509399776237825064e-01
2.898462477109137181e-01
2.669828191661796080e-01
2.341849796768833425e-01
2.775797055513613554e-01
3.322740671489461395e-01
3.025311064010066664e-01
3.078548598341243059e-01
2.628363688101507112e-01
1.900960555197859225e-01
2.364135574274540685e-01
2.929659336351070342e-01
2.875650209076211494e-01
2.294155703478577557e-01
2.061406342309690665e-01
2.343049410883977224e-01
1.983001571346864056e-01
1.704474731394192144e-01
2.405591266618036794e-01
3.064665292046647727e-01
1.868242535712761887e-01
2.835800112383489724e-01
3.086245855994269593e-01
3.906654195405887542e-01
2.407181355592713512e-01
2.274323270339484448e-01
3.449499548536468785e-01
3.212476365804768363e-01
1.946705303892246608e-01
2.246056443415849202e-01
1.781277639318560313e-01
3.085396155693951314e-01
1.460905946702117930e-01
1.948557288503806051e-01
1.272671341384841170e-01
2.015768952901895172e-01
1.827894880455399607e-01
2.979248327711269129e-01
1.825872811267663653e-01
2.337047026227979662e-01
3.005942855029671845e-01
1.915915799044075607e-01
1.683861757488899213e-01
2.639924976093493969e-01
1.970293587815599157e-01
2.002664461430595511e-01
2.211396297396660549e-01
3.158905426281900519e-01
2.869526033024939471e-01
5.076232466576862112e-01
4.653652030831247899e-01
2.071788097054723110e-01
2.335926432256529850e-01
2.573363763882648980e-01
2.652084049406566724e-01
2.091976456888846592e-01
2.083626878633321189e-01
1.891503873428763693e-01
3.189766523732026071e-01
2.058063696709405699e-01
2.798793945543646133e-01
2.638093121497299132e-01
2.006004844290951716e-01
2.529332456015505048e-01
4.002744984608644918e-01
3.621654645338282519e-01
2.993553584906911702e-01
2.454265026055905130e-01
3.840878054538390263e-01
2.520877872901972072e-01
4.206567045614577616e-01
2.997656970229402029e-01
2.437744543226851857e-01
3.149868208575412609e-01
2.703335667872538428e-01
2.441435348733499433e-01
3.086156622027023122e-01
2.945839741418639912e-01
2.673477219115476533e-01
2.854555114556992512e-01
2.814631994434816376e-01
1.736471473888998585e-01
2.452769620023851349e-01
2.076474514259538662e-01
2.922883702501829495e-01
2.733464507482779027e-01
1.252320517291052315e-01
2.540131631310074134e-01
2.445112432536636904e-01
2.211668634451260385e-01
1.378273473121333081e-01
2.309595265262582853e-01
2.126537683870437512e-01
2.244553661354667939e-01
3.208024094558393768e-01
2.093236878858855121e-01
3.223126431473654074e-01
3.375787049775590409e-01
3.057571898829465340e-01
2.776074292204480098e-01
3.329706265834895262e-01
2.543712193662748255e-01
3.333142595622808901e-01
4.015129119450998596e-01
2.862163511095586754e-01
2.216354234700337322e-01
2.962503744029969521e-01
3.232419006142842610e-01
2.899384105581858107e-01
2.264925926206485807e-01
3.379816409263781685e-01
2.150356000391213662e-01
2.820401818640626557e-01
3.295098166904689707e-01
2.502368539383889035e-01
2.025709994782944889e-01
3.145573019904878143e-01
2.332770513221787967e-01
2.968877366386936112e-01
2.760442452291299587e-01
2.305154358658985103e-01
1.539346241997440190e-01
2.241122064338489928e-01
1.333730949682824241e-01
2.768371874459645277e-01
2.866308468135712051e-01
2.988882626223275940e-01
2.390802714956496988e-01
3.081630208953861638e-01
2.265467440769166618e-01
2.967863736931204421e-01
2.695749988756641624e-01
3.005809549621040189e-01
2.538647535565625724e-01
3.143041950969417409e-01
4.288976077643616991e-01
3.149959646625357657e-01
3.620612051144379562e-01
4.337348815424404425e-01
2.678008453395311905e-01
2.730747873685411831e-01
2.920669417124325262e-01
3.196315133642856354e-01
2.999385997522303615e-01
2.662985835757472053e-01
1.979540983510520435e-01
2.049306140116903263e-01
2.923361737275126382e-01
3.033249210963725462e-01
2.936003963438107434e-01
2.790099640833488825e-01
2.807540640134120746e-01
2.899286454219668352e-01
3.281232887514508034e-01
3.148470084347564368e-01
2.596473652063565618e-01
1.775265922969276877e-01
2.237252298799897732e-01
2.710295045069807118e-01
2.238737198471756340e-01
2.718581540059719082e-01
2.496043856680503215e-01
2.800100594393066800e-01
2.350107616968399871e-01
3.669578473036447797e-01
2.919709006854215305e-01
2.908515448312709584e-01
1.507819681694290148e-01
1.986416868156378746e-01
2.314459948994077587e-01
2.608005992180676413e-01
3.014045683937781606e-01
1.827561657397696049e-01
1.894070458539187651e-01
2.883570234805246102e-01
1.850430743553869162e-01
2.085421719764433135e-01
2.535005410150085181e-01
3.054627181173910078e-01
1.379353566716939872e-01
2.701360928907931003e-01
2.918509910607827162e-01
2.651024107983613876e-01
2.887232713790600647e-01
2.137746229605441695e-01
2.963501363831081425e-01
3.076086686413738169e-01
1.465216975639147545e-01
1.508168280601627220e-01
1.349806593797887588e-01
2.371711287514556288e-01
1.285912908530224552e-01
1.666973622692580204e-01
1.372330354372919281e-01
1.918590291060011666e-01
2.364464404417209176e-01
2.467067509192251151e-01
1.363470253476598559e-01
2.834242978770878940e-01
3.009675401476827883e-01
2.185910392953446246e-01
1.805201285139028666e-01
2.248354027046810533e-01
2.132955224936703420e-01
2.107322406000479154e-01
3.023140571488763806e-01
2.653520042613329855e-01
2.604582932844958787e-01
4.993476434515948803e-01
4.412996851130296383e-01
2.678655188475280724e-01
2.025152492050312780e-01
2.343222635928269293e-01
3.035110557286140320e-01
3.127568776316679289e-01
2.876621878584150194e-01
1.997775107061718902e-01
2.416335971921168557e-01
3.580801374160588191e-01
3.830082993882620856e-01
3.619238063922770587e-01
2.868323505095102810e-01
2.844466044575306718e-01
3.190593007865415442e-01
2.806876710066230629e-01
2.758799218989458346e-01
2.917449931089634019e-01
3.193797590167074540e-01
2.249455887514570929e-01
2.937985051833033046e-01
3.017329575509076767e-01
2.969023620555306664e-01
2.398226276850269345e-01
2.700809456069996894e-01
4.220153410802247596e-01
3.652134731116110089e-01
2.791977676945539555e-01
2.915259014627132883e-01
2.491232152029374536e-01
3.351986114186563670e-01
1.458510689353433865e-01
2.853879316329043236e-01
2.374691953508223374e-01
4.092526603383690453e-01
2.973360463435167356e-01
2.130575446675676554e-01
2.381192101322801014e-01
3.811761508867872461e-01
3.773444263977295821e-01
2.995180770637502210e-01
2.707061192076564149e-01
2.900455029550267350e-01
2.832175156897365209e-01
2.451371149485626066e-01
2.614686466235716100e-01
3.044051052416406611e-01
2.260754836863370087e-01
2.570916834300482900e-01
2.695509664392660154e-01
2.336226524374972469e-01
1.943113243803453738e-01
3.943417318233629620e-01
3.277136425684371579e-01
1.899093876640007839e-01
1.371417110689499008e-01
1.580689269588946289e-01
1.919991306042345691e-01
1.962788195731002272e-01
2.181159424530703106e-01
1.847765923010123990e-01
3.665430470014648945e-01
2.028087307129977646e-01
2.974401315780430544e-01
2.324047769917946260e-01
2.133108098356176763e-01
2.454775934381530078e-01
3.335257070179853400e-01
2.180991022678504532e-01
1.969156663163659227e-01
2.149516868094849542e-01
3.265684990516890540e-01
1.733586319265226772e-01
2.662570736955111039e-01
2.460079467849217716e-01
3.160857049466475610e-01
2.851296291532865457e-01
2.407074856024880027e-01
2.410389301278939023e-01
2.393859340951465242e-01
2.570671613284407631e-01
3.048254684670408388e-01
2.653189289149593399e-01
3.177089497259039108e-01
2.131302967186295971e-01
1.983654836530831522e-01
2.568997585093246716e-01
1.264371519037630343e-01
2.820702432999220299e-01
1.076249978046959210e-01
1.750618139305670784e-01
1.489540687137888009e-01
2.407201847909627990e-01
1.202811692790033415e-01
1.983165452249061600e-01
1.417815961403149361e-01
1.516643466435416698e-01
3.877067365920964237e-01
2.391003236829197798e-01
2.503800550227557320e-01
3.020748767405381230e-01
2.780809442527649722e-01
3.935878105283033834e-01
3.314456420592829522e-01
2.729323152642976202e-01
4.856939782587113008e-01
4.848038278864699180e-01
2.902147945548738672e-01
2.465041960202589699e-01
2.202209659881545489e-01
2.316618101177502220e-01
2.886189655179429714e-01
2.627991054248496328e-01
2.374574806381325454e-01
2.301023104217042592e-01
3.258703671948633973e-01
3.104042281207429754e-01
2.930604743285739611e-01
3.036851624543149830e-01
2.293195635230748097e-01
2.134141086662258990e-01
2.493007067534225296e-01
2.801084176629727862e-01
2.610734983383315999e-01
3.568263869586263404e-01
2.855701068653216934e-01
2.714890344668782207e-01
2.990781729260677535e-01
2.689373760648564593e-01
2.265229677361932925e-01
2.475905831904092746e-01
2.595804420894993747e-01
3.180883214686149874e-01
2.757318293468133952e-01
2.418087112850758613e-01
2.925489221398758222e-01
2.081211683248582744e-01
3.067917793620142941e-01
1.324417853078040386e-01
1.610155218765906282e-01
1.543988116625828466e-01
1.636503033996413725e-01
2.656047889199258938e-01
2.299127550011392795e-01
2.561313834311702564e-01
2.068487455514184115e-01
2.739048380530794136e-01
2.353167774972773074e-01
3.256962799798230890e-01
2.703599266993931272e-01
2.537794682407299440e-01
2.884955279615875057e-01
2.359078577978530600e-01
2.302524469510667249e-01
3.153400464943475479e-01
2.334747458761256000e-01
3.736502417556800681e-01
3.706071447168592936e-01
2.692583531670343922e-01
2.378829510002670178e-01
3.166289987995267730e-01
2.713112629991663027e-01
3.504888358338041909e-01
3.188409137503094293e-01
3.613195622739288071e-01
2.487229223017141111e-01
2.550556420094963750e-01
2.121802551983463792e-01
3.748081388870229125e-01
2.496391321850851552e-01
1.866389849867188255e-01
2.131943094575167175e-01
2.176065265700272144e-01
2.441384553540698610e-01
1.958766744583944064e-01
1.383191107428163313e-01
1.971649561720228983e-01
2.253458564877872661e-01
1.918510913857879308e-01
2.069627752340689186e-01
2.440241006174088678e-01
2.219849063378243059e-01
3.457757059765382834e-01
2.419188606680851006e-01
2.588841946829356644e-01
2.511955877266681680e-01
2.595778736608906900e-01
2.622625223585187682e-01
2.840100933712116360e-01
3.289286385348109132e-01
2.628063228348328506e-01
2.983197924369895837e-01
2.320041582960897797e-01
3.590720049630787836e-01
3.058060157534988610e-01
1.468437640684242540e-01
2.779228521477462577e-01
2.736461756323720351e-01
3.055368564767945161e-01
1.306719821509714219e-01
2.596611343972972108e-01
2.255835157175427597e-01
2.268684205144503307e-01
2.708032395925445979e-01
2.832457569874452519e-01
2.859410879159847152e-01
3.149320104158600531e-01
2.926177588518864559e-01
3.054270962534681999e-01
3.016435387735687534e-01
2.929370247519658133e-01
3.262598717750421207e-01
3.368980136291215288e-01
2.764222975783339198e-01
2.789686076481642241e-01
3.026381295075452060e-01
3.271693215932978127e-01
3.627489824795827600e-01
2.342341859991304842e-01
3.308586892816499647e-01
2.256201544827525218e-01
2.928484797333732459e-01
2.977903655600458999e-01
3.931541497690317355e-01
2.237225373740833190e-01
3.165849941655375366e-01
3.244099948673806466e-01
3.722187777909281570e-01
3.220775341629703581e-01
3.493177648497530763e-01
2.359460638478586558e-01
2.757720473009769302e-01
2.853972348245644719e-01
2.473130532670445580e-01
2.542189235006943049e-01
2.675789093870071245e-01
2.739360859062380804e-01
3.273229996454547486e-01
2.086929488553599388e-01
2.247046944863712037e-01
2.402153291145932013e-01
2.639026784325820829e-01
2.799296312300286749e-01
3.229782542776784560e-01
3.590911088674945129e-01
3.127465453024877995e-01
2.415142379779497972e-01
2.808331997095049326e-01
3.415024410655158604e-01
1.877754561452488202e-01
2.917845154407456842e-01
3.114226875127603655e-01
2.972905727453447611e-01
2.665553669899061173e-01
2.430385251818354408e-01
2.783360046178123826e-01
2.991183206670541272e-01
3.375861886416694491e-01
2.559380399698101272e-01
3.994801089281417861e-01
3.138220605733854640e-01
3.368167337184079235e-01
3.075402633705748290e-01
3.445860903484733173e-01
2.884361200250431523e-01
2.835534116392001147e-01
3.563097134604299443e-01
3.615406217548514656e-01
2.989790087789238049e-01
3.052376424477911687e-01
2.783475109757750365e-01
3.597991589938482893e-01
2.418942606676841578e-01
3.617781988459817244e-01
2.728287489083068840e-01
2.732307532603441835e-01
1.121255993512937366e-01
1.922999262024562839e-01
2.570213684560899159e-01
2.680513147775788196e-01
3.649780209458027835e-01
2.750085810475971781e-01
2.716561925931467725e-01
2.660414745447966522e-01
2.849804110537008661e-01
3.145586259267181273e-01
2.468999321180951334e-01
2.616380055024731810e-01
1.723586619681769516e-01
2.801809522754187265e-01
1.782411549082708602e-01
9.994949485725868055e-02
2.300136217474988420e-01
2.081170339608555686e-01
2.424133815947340231e-01
1.992892488303159571e-01
1.636764760871678437e-01
1.760385533120206736e-01
1.515396720969164335e-01
1.452464015226178073e-01
1.268034893342628866e-01
4.441691138959987795e-01
4.083969578130209888e-01
3.633819496748712519e-01
3.305368007818686449e-01
4.400901763653017884e-01
3.264190792616480374e-01
4.602922395193972394e-01
2.737708248190522387e-01
2.137059694830600876e-01
2.773107642915054738e-01
2.031027697732628035e-01
2.794612279419783629e-01
1.943656390221069064e-01
2.720534210919586249e-01
2.440695570491022703e-01
2.265515179449566485e-01
2.401907786070978101e-01
1.717862685129231126e-01
1.646531083899249737e-01
1.776579568710272561e-01
2.595834284562653638e-01
2.904176606448402032e-01
4.671423525583088265e-01
4.000358122576465059e-01
2.743619253381205381e-01
2.724980650085175871e-01
2.834373609614838641e-01
3.045003666593520952e-01
2.146152317845929636e-01
2.373524476783031023e-01
2.906444589677575907e-01
1.687174977837861967e-01
1.406538269857348089e-01
2.181015879646068800e-01
2.154017653555727607e-01
2.030073305443323983e-01
1.828580371017503037e-01
1.850845424735696465e-01
2.338858849688330022e-01
2.618648936288853202e-01
1.240541971607089788e-01
2.842379200287575847e-01
2.425153582195942459e-01
2.790740846513695139e-01
2.184437942142054556e-01
2.358931302268779673e-01
2.424551969320494216e-01
3.174062174606698816e-01
1.951084606110112807e-01
2.141074581492927731e-01
1.911920663450664692e-01
2.668218392060189847e-01
1.782553381385452163e-01
1.809541822498266228e-01
1.443028897913776198e-01
2.470836503203500678e-01
2.615592440643700334e-01
2.891555320108488703e-01
1.403932611673388564e-01
2.245490115561559197e-01
2.933597023582579233e-01
2.598732949286847171e-01
2.566293625228048825e-01
2.992201652129271583e-01
2.614413727339339744e-01
3.067111585004046459e-01
3.108056078622096763e-01
2.754858474147232617e-01
2.416670762794261851e-01
2.600363035736752426e-01
2.223748432805411346e-01
1.844162358086575138e-01
1.952179376167613167e-01
1.805759228991962173e-01
1.758885354100072629e-01
2.009054959414213748e-01
2.415079574543627094e-01
1.945294464696641912e-01
2.492737930633519561e-01
1.979347203410540823e-01
2.715493505268923302e-01
2.496267030639651718e-01
2.378248148325388112e-01
3.059236040067946361e-01
3.663903832659496373e-01
3.339079650817147193e-01
2.528871833882472275e-01
2.732895577269246479e-01
3.009373277817438685e-01
1.793261523630211851e-01
4.019563505010448345e-01
4.545721417380883533e-01
3.611406865561219703e-01
3.300535041998581276e-01
3.244256775755667288e-01
3.342250618454313260e-01
3.830270006761200552e-01
2.960773591454389786e-01
2.753840941491376704e-01
3.086029260912092065e-01
3.370747290209339386e-01
2.864296965783049709e-01
2.255651803924813015e-01
1.448204046768246656e-01
2.720150952589019955e-01
2.186974773709183806e-01
2.765199594788201320e-01
3.063872735145168891e-01
4.331057926997317065e-01
4.001203862539094436e-01
3.511784697998873161e-01
3.403495570885380905e-01
2.575665689126468427e-01
2.343845637737453913e-01
3.183538382750642493e-01
3.306281144372593683e-01
3.504254350372981719e-01
3.844942326934047694e-01
2.662843102418371855e-01
2.532989746043275980e-01
3.464661567642407514e-01
2.465015711275836408e-01
2.407127242622096874e-01
1.610729588054946593e-01
3.307467227061872128e-01
2.343801291063165593e-01
2.647271921121882032e-01
2.849699340188484031e-01
2.974292161139326929e-01
2.414856067329193001e-01
2.916534984988617962e-01
2.081306564809652926e-01
3.324878933085883004e-01
3.049158095227861853e-01
2.232569067130800722e-01
2.085724931861757669e-01
2.853543144842822787e-01
2.578353581893860769e-01
2.978076773398130594e-01
1.701272963107669511e-01
2.613547103838214092e-01
3.188019366809288213e-01
3.048174400791472394e-01
3.441463855221938983e-01
3.264725153225419563e-01
3.106162748376186666e-01
2.534596761386072039e-01
2.528099458950237022e-01
2.557215754284011267e-01
3.862556992230337105e-01
2.717749802710224261e-01
2.688667171892307195e-01
2.639555486132038054e-01
3.373517301150730230e-01
2.673703401303646476e-01
2.068569240742113013e-01
1.219534949885292541e-01
2.642874857137823552e-01
1.755589844592905235e-01
2.351700169387301864e-01
1.955547520227562952e-01
1.927330398415084689e-01
2.333630446529566527e-01
3.006226071495937680e-01
2.836971636018053022e-01
1.848249997303379466e-01
2.354762889230647138e-01
2.070295475341434877e-01
1.689329701940622819e-01
2.453819913683659149e-01
2.230131045267539358e-01
1.886141552354900774e-01
1.516826394199435324e-01
2.393233403720494978e-01
2.659761382641077088e-01
1.704792033612432256e-01
1.175906932842502028e-01
3.678978886817779737e-01
3.590088303580627471e-01
2.559191862366085868e-01
2.532027973553307998e-01
1.663101496716015149e-01
1.500712799671121145e-01
2.566448654059855228e-01
1.862240651868348751e-01
2.971845857764037202e-01
2.859268516073371069e-01
2.193533162735565867e-01
2.234454457494287061e-01
2.189116969239288668e-01
3.137122768843302323e-01
2.931002246769387476e-01
1.328833477327083790e-01
2.588366375664380437e-01
2.704823941082864502e-01
3.181138093895210517e-01
2.926829544547083772e-01
