2.816112100911238869e-02
6.176104920327252223e-02
9.278860364674568206e-02
7.903078348782044404e-02
9.554983678434858518e-02
5.019701373901597208e-02
4.062339021636096614e-02
7.834680733691956611e-02
1.013742481666668471e-01
1.953976856579964227e-01
1.981971130037346596e-01
1.525547951496765142e-01
1.839973569638561068e-01
1.803396849703544635e-01
2.313348178017994305e-01
1.100510017435006871e-01
2.042132079127064737e-01
1.079111013441477196e-01
1.329875805825644353e-01
8.472483575136846579e-02
1.565490290968548637e-01
1.425730585430985409e-01
4.406449989200744710e-02
1.943208318734146456e-02
4.037938842613941759e-02
-2.673724170343105833e-02
6.621362507073957904e-02
5.755521261038598624e-02
6.658942980918780563e-02
-2.703232194441129721e-02
-1.752541498655835195e-01
1.149974154557211747e-01
8.727928132357432034e-02
-4.682604213005703286e-02
1.339671540308701170e-01
1.553184307530546260e-01
1.690462855419205823e-01
2.160144308964777604e-01
1.300373249534501063e-01
-4.631276511097226489e-02
-9.801398497791180553e-02
1.286493501109990945e-01
2.057151793865694689e-01
1.667491192875611983e-01
1.617431340217855285e-01
4.823045730365138617e-02
1.324095651977922339e-01
2.391889137912311947e-01
1.914720926811780410e-01
2.213689292091234329e-01
1.725440897392747086e-01
2.508551481600593824e-01
1.480532756269793415e-01
2.924585320113211040e-01
1.711810865455215547e-01
1.450522237532451131e-01
2.129334780516879411e-01
1.136302106594291317e-01
1.656787558452453846e-01
9.557932682728809137e-02
1.752822132953207879e-01
2.053456491093531566e-01
2.515498387864630869e-01
3.026477476108653253e-01
3.851964221528009213e-01
2.480866591968443613e-01
2.795248750777568070e-01
2.430579659314082708e-01
2.897287294252629541e-01
1.520777404154306511e-01
2.766792129139601375e-01
1.954151385226482462e-01
2.836144600623429213e-01
3.020676631833243420e-01
1.792321614470779867e-01
9.555018987342900338e-02
2.661868092072224856e-01
2.886223032384401810e-01
2.791806718350736682e-01
2.953721611059109131e-01
1.799498878650052092e-01
6.866447202468461963e-02
2.094062150350372020e-01
1.128273383309286171e-01
2.335622906833727530e-01
1.644086370092185945e-01
2.025911910124295057e-01
2.114428673723592889e-01
1.226229483454577274e-01
1.592228822365497898e-01
1.354895465384420294e-01
1.401700338809759305e-01
-3.868503611978746370e-02
8.705128257566319139e-02
1.417428616312084166e-01
1.184936962576929043e-01
2.627250384739077127e-02
-2.842217692139925589e-02
1.153207436041941980e-01
7.992934445112087616e-02
1.491000956239931785e-01
1.040719699617239646e-01
1.333629008122497739e-01
1.849145896956373436e-01
9.055423777437943134e-02
1.991831900133286259e-01
2.143798405205746826e-01
2.595735382255548451e-01
1.057903051584528908e-01
1.134156406621387170e-01
1.563435267768972237e-01
2.728118240897881019e-02
2.711474841441330330e-01
2.135217722912263749e-01
1.769648205323921530e-01
1.454406520407538483e-01
9.151618690099683207e-02
1.743482335526843618e-01
1.502137426888852101e-01
2.113921543727067531e-01
1.311895400883446028e-01
8.509471941018120766e-02
3.188424071109557945e-01
3.104356844431626072e-01
3.257298586863884848e-01
1.582988272298730958e-01
3.196571281800761888e-01
1.333864405548282894e-01
2.495416664180583055e-02
1.434477918243138861e-01
1.324341028810336329e-01
2.116816384260639117e-01
2.156686042890237909e-01
1.231399801797621318e-01
1.413225333241995285e-01
1.243193120565165843e-01
3.332296145469992865e-02
1.257653752840435235e-01
1.631238318636096807e-03
1.307099448239422701e-01
1.908229108094041671e-01
1.565921189213048681e-02
6.038235108658751571e-03
-1.609802094850605325e-01
1.103813165229228233e-02
-5.830890678148772377e-01
1.938259492672924633e-01
8.822439500144907409e-02
5.652999554552606831e-02
2.899117670128659174e-02
4.743446813926455174e-02
-1.918635563093293861e-01
1.296979080415023855e-01
-2.092861667634382528e-02
-6.833248468600006120e-03
-7.296334203128140850e-02
9.418416239441840254e-02
-4.678312000848450225e-02
7.921971144626649419e-02
1.494235229031123380e-01
1.075945748926118162e-01
-8.564731579069984058e-02
9.730002615959176815e-02
3.316933473038563562e-02
1.055706943881542514e-01
1.027317123560357315e-01
1.025776586202324925e-01
1.270721946414871129e-01
1.370706227970066582e-01
1.126879026557814356e-01
2.497721133203945065e-01
7.733530576275038371e-02
1.393178362969500483e-01
5.912312258380114649e-02
3.418814303349249073e-01
3.110518924094074489e-02
-1.236753970572586070e-01
-1.468740669775561170e-01
3.469421980661784310e-01
1.029907152557800742e-01
3.002283196821912137e-01
1.932309513482576291e-01
6.869342351066765051e-02
2.103737536854113355e-01
1.524695939282841861e-01
1.653882355821113537e-01
2.232004726340952594e-02
7.732444669520677216e-02
4.571066775180365749e-02
9.753405537695991612e-02
1.847198215035176228e-01
1.877698019527705986e-01
1.462128308708100510e-01
1.647306305676992100e-01
2.078271714167195805e-01
2.922305339559315707e-01
2.185173369454901371e-01
2.319520631694909074e-01
1.088799519042271680e-02
1.634378790407174931e-01
1.540432622341590951e-01
1.520223926993474750e-01
6.779018889018628702e-02
3.929466529970537803e-02
5.124279586327484814e-02
1.106880745753952011e-01
1.156378282094556731e-01
1.432460760625017260e-01
1.732632913827343302e-01
4.241016876578884709e-02
1.865060110769201085e-01
4.585875332685485084e-02
-7.607976134453942052e-02
-5.951087355185991079e-02
4.971526896707101351e-03
5.659066553012626066e-02
1.814321969550447555e-02
-1.898557276041477060e-01
-2.301878538957893294e-01
-2.244556052913693200e-02
-5.536044975555176606e-02
1.161432685771589535e-01
3.849113587100483347e-02
-4.992904053829749778e-02
-9.697973977378704369e-02
1.057430925332555338e-01
4.896893019297443583e-02
2.098838933486613101e-03
2.593764264813502862e-03
2.198498628222554929e-01
2.438151247740234506e-01
-1.929641183041930219e-02
1.172280799041949262e-01
-3.396827557273174314e-02
3.843246313471981868e-02
-4.566679538397400151e-03
1.625277337135466738e-03
-1.889961238018678102e-02
5.381044904128584605e-02
-5.728841659637740058e-02
-7.949793698334151060e-04
1.004947754557106165e-02
2.117903764237116793e-02
1.588863291524686971e-01
1.770680646920987922e-01
1.176212941704152248e-01
1.492107850987296480e-01
1.858378273360371535e-01
1.621294036116197601e-01
2.565057958969785279e-01
2.612129271619468840e-01
8.797177657823518349e-02
4.972342367393411955e-02
1.850444622062665800e-01
1.777214156082628227e-01
8.776868724598818616e-02
3.213328696566630782e-02
1.411495500738699782e-01
2.305807416485659012e-01
1.824313657362390817e-01
1.696228285694767468e-01
2.347680050862116508e-01
1.581548134452880339e-01
2.852710849359275658e-01
2.121280882458992378e-01
1.173054865371320199e-01
7.460843682340312366e-02
9.195802944521247468e-02
1.430412970941552508e-01
-2.924164059730927079e-02
1.342333309353560544e-02
3.054881565673295274e-02
1.067735264769275050e-01
5.138990290810285799e-02
1.635911486336890652e-01
8.736493961886693249e-02
2.052074813744546589e-01
1.210878376439252779e-01
1.501877741329735727e-01
1.093724040802660502e-01
7.968922018768542781e-02
6.357688725783106065e-02
-4.088938766418448445e-02
-2.979676910510486998e-02
1.213049338331841920e-01
1.200220055121645757e-01
1.186746499294198953e-01
1.168953030709735108e-01
1.233434994637705451e-01
1.742901539107214459e-01
1.940901395222928150e-01
1.195814175255489609e-01
1.283461151252626165e-01
1.110136857412158395e-01
9.903651454860051828e-02
1.331900330843532876e-01
2.069569688652761474e-01
2.011314833530393198e-01
9.318958664176846263e-02
1.516386619045648754e-01
1.346757738661928938e-01
1.694413634366049859e-01
1.491475773935155846e-01
2.007043918262032545e-01
-6.490781487960672891e-02
8.268113996944570498e-02
1.188069879101603110e-01
1.221988944001654032e-01
4.096618258540263291e-02
4.623514311436816016e-02
8.806514469760096109e-02
1.674001181929926085e-01
1.680037435605524765e-01
1.298890118139576222e-01
2.737570363006417429e-01
3.012486982176676431e-02
1.798046368907968429e-01
6.966154401827262532e-02
4.369731726989101173e-02
5.737816726755107233e-03
9.368498668659208661e-02
1.403793928602479202e-01
1.202350237427940449e-01
1.556985847515024446e-01
6.808442137014625306e-02
2.132732812601488837e-01
5.639591009564459689e-02
1.046639781696541149e-01
1.413584851253528729e-01
3.437117703580193639e-01
1.913767031655080331e-01
3.124875983155719350e-01
3.440443319636606878e-01
-1.519260663496753150e-01
2.149889428824152127e-01
2.766472966762052454e-01
2.465562439379787030e-01
-7.688880005732778855e-02
2.546242801030829117e-01
-8.204079089358717880e-03
-4.255137025050959032e-02
2.020210828142147141e-01
1.987522331012361310e-01
2.071370555841681727e-01
2.858511315638508909e-01
1.998683686347990651e-01
2.017655130868341029e-01
1.284139596836915143e-01
-3.633629706398644466e-02
-5.802212371961790183e-02
-1.141051158988304337e-02
1.982625877594813568e-01
1.808850636605505713e-01
7.039889205908989034e-02
1.304357002251976816e-02
-1.783244735452433893e-01
1.158067798082287325e-01
-5.656934655308587523e-03
1.868396820116468016e-01
1.607934912637352109e-01
7.211334030570393239e-03
1.493470635669864599e-01
3.165911934768572689e-02
1.373040576802808665e-02
1.404576951918685701e-01
7.936870655793515361e-02
5.243637438813719687e-02
4.879202334549648246e-02
-8.434779120186641777e-03
9.969502163334142963e-02
1.187442808513283765e-01
5.629002402505844938e-02
1.053195671547356715e-01
5.208944209143107074e-02
5.940945357008087235e-02
1.156821396236102917e-01
2.170563052822617189e-01
4.488714458157927467e-02
5.813161214522344356e-02
1.972411146235572010e-01
2.030609220514734137e-01
1.392010772613629932e-01
1.961487734403370986e-01
1.532914459766164805e-01
2.605073854746664530e-01
1.467855632858057202e-01
8.711870905052421232e-02
3.652459425613618915e-02
2.019352812411123743e-02
-7.792024998005309122e-02
1.959391833225141433e-01
9.534771744809722449e-02
5.687753466404454894e-02
2.741546183218801502e-02
1.182239551654610255e-01
8.976819701788585348e-02
1.834728517147306004e-01
1.551468253712122713e-01
1.223259896941177871e-01
7.481239629733227314e-02
1.439154043539350170e-01
1.365161656102761301e-01
3.813035013037874288e-01
3.193025577257947445e-01
1.321573599284452394e-01
1.633945566520825787e-01
2.039404811024591035e-01
2.280383594261750080e-01
1.208833977520292757e-01
1.307385422602331815e-01
2.002597128197841636e-01
2.339932057092450890e-01
1.256529261252351537e-01
1.959831448126396758e-01
1.573603853474001557e-01
1.281164154574513381e-01
1.186889229394025858e-01
3.227675126610969336e-01
1.982205911975901680e-01
1.748971906239012997e-01
1.677614630814082686e-01
3.159167310238883974e-01
1.627703222009105888e-01
3.355328504881804896e-01
-5.813981502073506391e-02
-1.326362879408526929e-01
5.950282959638597546e-02
9.362300589615557556e-02
1.164782454738821915e-02
1.532176740417863225e-01
-3.631761079834028294e-02
1.150458749743501485e-01
1.340024562976716016e-02
4.560671240185409925e-02
5.757783155379891937e-03
2.504029891650092488e-01
4.965548666770047692e-02
2.419059018044262821e-01
2.029653573492935514e-01
-1.409141806733786861e-01
1.336945791481265466e-01
1.380613749981729477e-01
1.222673843276768091e-01
-7.491008689275613364e-02
1.732258855151009858e-01
1.708471876731043615e-02
1.275422500469736153e-02
2.489380434008247045e-01
1.148861133241499966e-01
2.034157638201954388e-01
2.551466593461770849e-01
2.597015258650023917e-01
2.051710542097323620e-01
1.662892077707800453e-01
5.995662757508335439e-02
-7.272737984518373722e-02
1.708470521436762368e-01
8.473110722650456506e-02
7.373773980947717632e-02
1.303518440435128545e-01
4.527963672681489804e-02
-1.561324033615882900e-01
1.086144667727521052e-01
5.952504406000080905e-02
2.272349052429545324e-02
1.340926825998201011e-01
1.905704079308556675e-02
1.292684049793161316e-01
4.029747430937435926e-02
1.148757803358680940e-01
6.787659033343429460e-02
9.765285060622452828e-02
1.093170867894168730e-01
7.767426806636013037e-02
-7.894280487457261408e-02
1.161905652322615667e-01
6.097640131249337792e-02
9.912927860653242274e-02
9.738950139489555013e-02
1.473262499987909591e-01
-7.836173352365083389e-03
1.812935697500729360e-01
8.145097769685816225e-02
1.784384549243578366e-01
1.386242976511541380e-01
1.401501600784011980e-01
1.446692735612750136e-01
1.024830942977464909e-01
3.600038106105700741e-01
2.272424733598826796e-01
2.901656678816423307e-01
3.754711640104591019e-01
1.442496239654810219e-01
1.852278991693676602e-01
1.793092245856529043e-01
1.340366126383344403e-01
7.697832805100812692e-02
1.984125864412324969e-01
1.326749201123851307e-01
9.169042648379421845e-02
1.501778843189269796e-01
1.128917780082139277e-01
2.223215149298227722e-01
1.269533244570139052e-01
1.399847487384752176e-01
1.228826157716463863e-01
1.762190549936053507e-01
4.438713585835829534e-02
8.321689197753723288e-02
1.364997361202843207e-01
1.320957704432057511e-01
5.193679708511711457e-02
3.197908496029255865e-02
3.742315200743628889e-02
3.119893481236912791e-02
1.042360318258015450e-01
1.378032489067504418e-02
1.847769074100596987e-01
1.631505769152084007e-01
1.411820514226781453e-01
2.505723621127253775e-02
3.183416809917161139e-02
3.814232980146381458e-03
9.234565513914649859e-02
1.434609050061458335e-01
6.550824437429880742e-02
4.390817681652803284e-02
2.197305795833646158e-01
6.698609439599156889e-02
8.451362354316893644e-02
6.996263974142813424e-02
9.427996976162678067e-02
-4.091210138706946609e-03
3.499315716564455059e-02
6.505222538282096068e-02
2.549282325780855007e-02
8.861079890905121381e-02
3.669705359830988112e-02
1.313397851802643457e-01
1.828471338116305356e-01
9.847670967931065888e-02
1.762170256564061788e-01
1.429738682164949370e-01
2.103251493527721339e-01
1.410199607119603238e-01
4.807890278919446647e-02
4.884184399914959229e-02
1.273123921664232050e-02
9.772111392156501708e-03
1.547603901713417995e-01
5.153709655294835823e-02
1.238604828377990463e-01
2.899817985679953303e-02
1.814033194225174173e-01
1.412754966383016342e-01
1.929550298196865965e-01
1.998953807814382033e-01
1.851113070469739830e-01
2.065521918567768678e-01
8.149584880909388485e-02
1.166851383681239973e-01
3.606221185065162649e-01
2.955614771454370127e-01
1.774516922352606940e-01
1.004481118273864437e-01
1.625434536788431528e-01
2.341504976999683185e-01
2.091437741229074110e-01
2.006846512492981294e-01
1.805536055107934690e-01
1.823895343665468127e-01
2.873043794457662559e-01
3.072725605401395166e-01
2.770043676439092328e-01
2.195387502937311552e-01
1.618571943617058695e-01
2.793664874798996722e-01
9.534752113989575228e-02
1.469124214254090566e-01
2.249508214039186438e-01
2.942076071367497603e-01
1.324031858723467847e-01
2.070261016005162658e-01
1.456376682764488617e-01
9.671478860461413252e-02
1.163284591942530533e-01
4.763957376494254436e-02
2.841493845660679751e-01
1.846905889439331983e-01
1.315867642315668995e-01
1.609039176336626298e-01
7.556543630178347293e-02
2.217609632320123314e-01
8.642337132693589385e-02
2.606263634628931403e-01
2.145738891794252146e-01
3.645371490143461957e-01
2.887478321740671872e-01
8.758260802823958358e-02
1.402201323150245038e-01
2.697283471861290360e-01
2.050877130650365920e-01
1.941648079452820141e-01
2.126717496805916596e-01
1.206382056289970750e-01
4.865239717442682021e-03
1.731843758022794111e-01
1.850271059916989147e-01
2.216716768175155394e-01
1.857280935064369309e-01
1.874823775212151045e-01
1.316297112167954531e-01
4.760618900324564695e-02
1.855906309344002025e-02
2.306437481300218639e-01
1.266428956895242486e-01
7.463364052152399175e-02
2.167061222143606969e-02
1.036993805030962390e-01
1.129117021960160949e-01
8.170683562491964924e-02
1.280730158816393294e-01
1.402335993477603626e-01
2.855125909408431362e-01
1.272111075784587708e-01
2.084504717842823318e-01
1.388116270862694845e-01
1.391025514199910607e-01
1.241501049527704570e-01
2.574655326235535391e-01
1.559054608231180694e-02
8.049095211355716817e-02
1.245432392488650120e-01
2.726847244106646029e-01
8.326966468379060071e-02
1.688697287280419568e-01
9.359691058955588172e-02
1.079861121783808331e-01
7.769968645496572179e-02
8.194022485868801553e-02
4.219994163846363389e-02
6.917599546756791895e-02
1.395814660162933984e-01
1.440686920806552029e-01
1.618201455506852460e-01
1.672753034832360486e-01
1.454767817942798080e-01
1.675807084465584795e-01
2.146015702163038830e-01
1.286578153001105562e-01
1.845790994225864345e-01
3.686538754268209317e-02
1.086554176822173146e-01
6.834957413398323745e-02
7.243130778058026742e-02
6.485693271925863090e-02
5.716565238799042881e-02
1.366472804954131925e-01
3.338054718745397942e-02
2.652591490006678265e-01
1.076540420684108934e-01
2.015005444310808969e-01
2.792721550726430246e-01
1.751144082679197966e-01
2.512107382171628878e-01
-1.396956995084603914e-01
-3.464354638567468392e-02
3.867460407533935829e-01
3.797374665566864982e-01
2.151891881132603768e-01
1.658963678604502556e-01
1.445345275012542841e-01
1.529151919099583923e-01
1.422111535116920011e-01
2.029247565580761803e-01
1.408959065156130119e-01
1.806962043812680996e-01
2.278486689265303289e-01
2.051366100592222352e-01
2.196426997489526745e-01
2.110826920830679576e-01
1.316845868524274543e-02
-8.092183715510858910e-02
-1.396489715009052723e-02
6.095005950940612927e-02
5.906218441863309021e-02
1.916676081437294066e-01
1.669685002338416879e-02
2.113083763480294586e-02
1.053544811895656963e-02
-5.552916091317805503e-02
3.203083160787922878e-02
3.141744956900649477e-02
2.493143396134012146e-02
-1.062496952323235266e-01
-1.246536544348331166e-01
-2.832581880445195210e-02
5.923619072366359539e-02
1.886848825703568711e-02
7.930617265018591322e-02
-8.510470582049478594e-02
-4.992179048891220994e-02
8.546719604081154387e-03
2.068008096629025960e-02
2.214472609767359490e-02
-6.179917723531458407e-02
7.299413377669128344e-02
-1.354745446531269160e-02
2.239840357048938912e-04
9.583718665950358151e-02
1.445554936925155243e-01
5.214445040449444679e-02
9.001359647533957453e-02
1.296891438235728833e-01
3.174932704298294439e-02
1.471529718949138310e-01
8.770642932222072474e-02
5.630126310762584296e-02
2.161695650766181087e-01
2.134153228056052676e-01
2.251211941730396626e-01
2.280003237173428010e-01
2.255827003878925208e-01
2.599161476457747533e-01
2.582903958075564166e-01
1.790166297780506621e-01
2.826978093130785297e-01
1.636128924079039981e-01
5.574535791221824077e-02
9.798890751854294479e-02
2.205836136857814989e-01
9.686126868313837956e-02
-4.022407257171511930e-04
-2.165361540662580353e-02
4.522341397291662624e-02
6.171362035308824989e-02
1.604852105046128408e-02
3.363821941275335625e-02
2.026909347368266445e-03
1.019587134646618987e-01
1.398201668705211231e-01
4.275802160147079700e-02
-1.578384477231016270e-01
-1.743167329805470622e-01
1.017153164507439422e-01
5.676636295544834621e-02
2.955280009937621966e-02
8.171153801715180798e-02
-1.597775687644316100e-01
1.095603787576939769e-01
4.892345550231991247e-03
1.079976146499213030e-01
1.117510182583872913e-01
2.778777712820474921e-01
7.938059140789976986e-02
3.098658298652440246e-01
2.413258312059582966e-01
-1.529993823394935060e-01
1.642660849443979831e-01
1.679362712244378830e-01
1.927299993044797599e-01
-8.767819025409773204e-02
1.994771000386347248e-01
-1.062790609058539282e-02
-9.504569388736339164e-03
1.984155250306015583e-01
1.916870578087132015e-01
1.586747818707612279e-01
2.279892305444626288e-01
2.441638555409972877e-01
2.210274965830559823e-01
1.296067245426280046e-01
8.633827006017491534e-02
-1.006098288152408315e-01
1.736323052826560520e-03
7.142001282338306112e-02
1.273263306300533859e-01
1.323309343960284989e-01
5.208236288498191424e-02
-1.137657515379753015e-02
1.176265152465271191e-01
5.082745735510862950e-02
3.563302906835819073e-02
1.470713961175075246e-01
-3.293234676579737119e-02
2.900636041936803800e-01
8.583310701331525738e-02
1.160962716343908463e-01
1.803499356474091986e-01
1.886873785995132335e-01
1.681012377452608675e-01
2.365523296148409615e-01
-5.671187396299792738e-03
1.977361897952722991e-01
2.405221803973346395e-01
6.260988759145758031e-02
5.932770565154732445e-02
1.015537714078438292e-01
2.542594692751820595e-02
1.785666159786071239e-01
6.515309634996580002e-02
1.586097265870378692e-01
1.168039887437423152e-01
1.029604848759659852e-01
1.690005357471523473e-01
8.566503323992324948e-02
2.516376680671614796e-01
2.389420953488926580e-01
1.580683515982534981e-01
2.014965231634463505e-01
2.459234571622073151e-01
8.922792081867947367e-02
1.287028608360791804e-01
7.011189338462708864e-02
6.106109630197675830e-02
1.635619245929593735e-01
2.169786554257864264e-01
1.897118709943167447e-01
1.453053725800927953e-01
1.351458259781624927e-01
1.986931608646922420e-01
2.619002870796324212e-01
1.816248251547005754e-01
1.808415590031062781e-01
1.622691794332669080e-01
6.566693825559244413e-02
1.214472381083496755e-01
2.433921975181740915e-01
2.819780666654774226e-01
2.289853760116705716e-01
1.425294357512454368e-01
6.612254340292544885e-02
9.276587881570530492e-02
2.136292251319800162e-01
1.640357301274286694e-02
1.593281378105744217e-01
1.402341559886836064e-01
1.186102042038998938e-01
-1.824429641052138784e-02
1.678387980571205418e-02
2.134348444331435335e-02
1.012816947542944934e-01
2.175013522984321490e-01
1.489659637115355872e-01
1.441873729430946938e-01
1.875589475273402584e-01
1.558868469143145363e-01
1.930154575723398436e-01
9.200844616892522865e-02
1.228253927889677577e-01
-2.019447749509306611e-02
1.211676483774407620e-01
1.049618320521439330e-01
3.983813072481268147e-02
9.341409467191796878e-02
4.818860380018641365e-02
1.251373555065237175e-01
1.245069443190588432e-01
8.630788115459142595e-02
1.693657650532732761e-01
1.020427101092435951e-01
1.248130992634339798e-01
8.574820819086914625e-02
3.176008389044433500e-01
2.150705164827183546e-01
1.907563268693410752e-01
1.269290535997921188e-01
3.269007538510895206e-01
1.868230373470717298e-01
3.319818407346282196e-01
9.282482196101216054e-02
1.340576874805571306e-01
1.868664473224507239e-01
1.871307234152556065e-01
2.590108942114852653e-01
1.243279664513986527e-01
1.927492716995180544e-01
4.423465284384786589e-02
5.102783030700996925e-02
2.153225809297214521e-01
1.107492756004231360e-01
1.692390178255892552e-01
1.853224549708176738e-01
1.139075014612888070e-01
1.371589701093361979e-01
1.756830263797569680e-01
2.318547177729383124e-01
-2.639864122093849019e-01
1.478776610088252674e-01
1.452450269042194764e-01
1.428355579830105082e-01
1.543748938725457709e-01
1.496190808720840870e-01
-5.349479915421451182e-02
1.754174381228519319e-01
1.334781401990448035e-02
7.072150282069877836e-02
8.002342325852884741e-02
1.738357325365481598e-01
9.166904658240626613e-02
1.546852372882608906e-01
5.430522130120374324e-02
3.692791490313163116e-02
-1.723509695047020784e-02
6.666988896746983695e-02
5.672516298850571737e-03
6.216201810417321116e-02
4.207331081950815843e-03
7.145174801384623908e-02
6.395980287927816033e-02
1.940200664282388798e-01
1.387912637568213814e-01
1.979837782303420779e-01
1.865909024541380079e-01
2.151600289816354428e-01
1.953067746430843243e-01
5.135331232818940439e-02
3.546961995993647143e-02
5.344566547224560704e-02
2.334057517943266546e-02
1.823915506729592018e-01
5.337180546121389479e-02
4.730451496498588870e-02
1.680183927790090959e-02
1.957219194680440699e-01
1.796861660146553685e-01
2.256584377749734083e-01
2.305902334595453240e-01
2.432167478067753796e-01
2.028098181017949919e-01
9.275502664343926451e-02
8.383143388172065169e-02
2.230658616950598194e-03
-4.134550728849584189e-02
7.178310319586689303e-02
9.212729295053290191e-02
1.142800518371034357e-01
1.094196566649695557e-01
8.789052332668423340e-02
1.502616749026429721e-01
1.512641899343153407e-01
1.905616889409282866e-01
1.224350897462799237e-01
1.901245539447022903e-01
1.395851769651826890e-01
1.666949872198518756e-01
1.789906300092473090e-01
2.935746231313034471e-01
1.896226290407528881e-01
1.380089453301718283e-01
1.897036617118383894e-01
2.235767539951120098e-01
8.662283176239826687e-02
3.490167810222507550e-01
2.220925321196073332e-01
1.109170367919329880e-01
1.685850764921911216e-01
1.297850750914522067e-01
1.252828378180516067e-01
5.546183435507046067e-02
-1.433401129616536096e-01
2.168111618598189683e-02
1.175650952974809371e-01
1.885524964860072483e-01
1.030717176442584870e-01
1.232225561834751071e-01
-5.437137558776505841e-03
1.763520118822768934e-01
1.224604473512316272e-01
4.046373582867035523e-02
4.419901376185275677e-02
3.268785851757493033e-01
2.386828171750932093e-01
1.182188074023502455e-01
2.201672808959375116e-01
-3.526965589509800658e-02
1.315161301397260729e-02
1.823244834866335484e-01
1.842466063452148362e-01
2.184944552754177760e-01
3.234105235899735753e-01
4.679803467253496052e-02
8.299276086617413117e-02
1.803141926981949306e-01
4.025344545895415127e-02
1.897020201551011809e-01
1.245509134020408304e-01
2.371845262891888462e-01
1.936878722314364643e-01
1.581423505915185990e-01
1.406443603449188950e-01
2.080719043392937895e-01
1.568827479065968422e-01
1.024868102806900660e-01
8.910080182866153553e-02
1.648044804541402009e-01
1.488724282923948872e-01
7.850796406583648857e-02
-5.457613648906978199e-02
1.318317087705217494e-01
7.812782078063229552e-02
1.415736156421386616e-01
6.893449642989957216e-02
7.751642308967809925e-02
2.070155211182151955e-01
2.438657965591866095e-01
1.964566854549600894e-01
7.031633292132133395e-02
4.692566122286978558e-02
6.546191855858196629e-02
4.018720511483275803e-02
4.820646792761773547e-02
8.403773772803968534e-02
-1.280515406124369537e-01
1.384783659991561944e-02
4.340826750898163500e-02
1.947426915257977065e-01
4.484518501797252199e-02
1.119191245139744550e-01
-4.220143825381983405e-02
1.799024828303014134e-01
5.245276329803172377e-02
-1.817170817053370691e-02
-1.528257273147604067e-01
1.336442742758292557e-02
1.962244703056292838e-02
4.556613403134135432e-02
1.587642383115340783e-01
-1.326036937750976197e-01
6.368505520937595143e-03
1.796023363741539036e-02
-1.336852004480837408e-02
1.007229376901995765e-01
1.522931635900952596e-01
-6.249270976884768736e-02
-3.233509370355558410e-02
1.367718255798311411e-02
5.622571419600030929e-02
1.121833091463180221e-01
8.290753942867867821e-02
3.002077725881645565e-01
3.233730603803213199e-01
1.580360565801566253e-01
1.138545479756699619e-01
8.924541278323427917e-02
7.016895807086653836e-02
8.817284919573331603e-02
6.507223093862701813e-02
1.206108005575420306e-01
1.247033148817350279e-01
3.826625284230422697e-02
-3.458137018978901800e-02
4.667399420865592230e-02
1.673901949870221229e-01
1.338598102513569588e-01
2.715857466348470250e-02
7.599610147558089057e-02
1.581740600449171863e-01
2.583219866632860962e-01
1.395100257633030694e-01
